CRGB(255,255,0) 
CRGB(255,255,0) 
CRGB(25,255,0)
CRGB(3,78,29)
CRGB(5,78,29)
CRGB(35,78,29)
CRGB(255,255,0) 
CRGB(255,255,0)
CRGB(255,255,0)
CRGB(255,255,0) 
CRGB(20,160,0) 
CRGB(20,160,0) 
CRGB(35,78,29) 
CRGB(153,119,76) 
CRGB(255,255,0) 
CRGB(255,255,0) 
CRGB(255,255,0) 
CRGB(20,160,0) 
CRGB(20,160,0) 
CRGB(20,160,0) 
CRGB(20,160,0) 
CRGB(20,160,0) 
CRGB(20,160,0) 
CRGB(20,160,0) 
CRGB(20,160,0) 
CRGB(255,255,0) 
CRGB(20,160,0) 
CRGB(0,0,0) 
CRGB(20,160,0) 
CRGB(0,0,0) 
CRGB(0,0,0) 
CRGB(20,160,0) 
CRGB(20,160,0) 
CRGB(20,160,0) 
CRGB(0,0,0) 
CRGB(0,0,0) 
CRGB(20,160,0) 
CRGB(20,160,0) 
CRGB(20,160,0) 
CRGB(20,160,0) 
CRGB(20,160,0) 
CRGB(255,255,0) 
CRGB(20,160,0) 
CRGB(0,0,0) 
CRGB(20,160,0) 
CRGB(0,0,0) 
CRGB(0,0,0) 
CRGB(20,160,0) 
CRGB(255,255,0) 
CRGB(20,160,0)
CRGB(20,160,0)
CRGB(20,160,0) 
CRGB(20,160,0) 
CRGB(20,160,0) 
CRGB(20,160,0) 
CRGB(20,160,0)
CRGB(255,255,0)
CRGB(255,255,0)
CRGB(20,160,0)
CRGB(20,160,0) 
CRGB(35,78,29) 
CRGB(255,255,0) 
CRGB(255,255,0) 
CRGB(255,255,0)
fine
